4.859468197107486585e-12 2.794870716063223258e-12 1.215974189291612533e-12 5.156890936641636322e-13 3.274610226721960568e-13 3.679521648640869476e-14 8.187644454202946779e-14 7.563229185853929726e-14 4.045163317466310352e-15 1.049476297073217378e-14 3.632290242731485811e-12 2.089072552773385497e-12 1.705740778591249011e-13 7.233968647395148525e-14 1.649385921405461756e-14 1.853335445925770761e-15 6.119990882882637648e-14 5.653261316057465956e-14 4.656363804317139987e-17 1.208046019323967507e-16 5.272796679001770315e+01 1.525195138044090348e-01 2.851250350637841890e+01 0.000000000000000000e+00
5.969561755454649145e-12 2.997329788391840036e-12 1.990978597106011756e-12 1.024235169718123145e-12 2.239897041624708038e-13 1.046839677930046345e-13 4.627018543375684694e-14 1.408880915059668139e-14 3.867492192129749768e-15 9.861360666188228489e-15 4.486189963949693265e-12 2.252525623517371037e-12 3.742718871412447493e-13 1.925397040450574713e-13 6.316098192012173299e-15 2.951895589051098652e-15 3.477254278060514417e-14 1.058789184275648493e-14 3.483560683702577527e-17 8.882409219713785583e-17 5.330993430867759031e+01 2.103401303853135729e-01 2.441752137696551728e+01 0.000000000000000000e+00
9.265758268851628409e-12 4.222730323072085448e-12 2.560155174685063008e-12 1.931978297889171838e-12 3.857201126367084191e-13 1.900805469584726632e-13 5.612110435488548181e-14 4.166020677982092853e-14 1.749316384243820670e-15 4.609317285476591321e-15 7.258291471200965643e-12 3.307857446720805783e-12 4.155911727781701262e-13 3.136189300324355964e-13 1.257815789823335748e-14 6.198440409764346465e-15 4.396222319578488908e-14 3.263434192697963593e-14 4.786090743004158650e-18 1.261098963588838901e-17 5.407054925797653766e+01 2.899232289040824528e-01 3.598257868087414835e+01 0.000000000000000000e+00
4.851767381529208533e-12 2.708648255678565395e-12 2.458042251572933595e-12 2.605751577599135659e-13 6.231487688504821703e-13 3.285837460795678875e-13 6.543312638235586740e-14 6.441148368923466894e-14 1.705887552216927760e-15 4.499930944655448003e-15 3.092545068491738668e-12 1.726508331225341018e-12 5.953276413629423445e-13 6.311022276680535759e-14 5.101519831884787166e-14 2.690010124150808905e-14 4.170745965276923108e-14 4.105625859057472357e-14 7.072755179282536915e-18 1.865709721245350355e-17 5.287228071369153781e+01 2.300270039208183182e-01 2.868918626690242490e+01 0.000000000000000000e+00
6.868847324006009036e-12 4.267873944573359066e-12 1.704345792175304485e-12 6.742555497851424134e-13 3.488011668390392672e-13 1.452758569007275933e-13 8.362238725738252528e-14 3.122573536531117416e-14 5.717704020980983114e-15 1.494466624444661626e-14 5.279782909820276927e-12 3.280528282390739393e-12 2.437951312292225879e-13 9.644769330060507894e-14 1.361457841139520379e-14 5.670478579477659749e-15 6.427687649671143054e-14 2.400185884932274092e-14 6.768047657117866338e-17 1.769000511236357398e-16 5.312001629186764262e+01 1.461736929788298445e-01 2.880077529603157416e+01 0.000000000000000000e+00
6.677543420603594213e-12 4.055072802693937431e-12 1.535887460699438016e-12 2.138529483280655834e-13 7.834399235377360222e-13 2.127996964272604617e-13 9.886449258868180240e-14 8.950368951448046213e-14 2.594886501799015523e-15 6.857742581029920638e-15 4.923564738936552598e-12 2.989933903471310488e-12 1.953557795426750331e-13 2.720082720715954340e-14 6.777314033632308520e-14 1.840869128084082113e-14 7.289592878431456570e-14 6.599391152418562739e-14 1.375481246668079205e-17 3.635109400023542001e-17 5.302719907663580301e+01 2.430101805082633959e-01 2.783833723103728985e+01 0.000000000000000000e+00
5.691679271543807789e-12 2.494355278268930928e-12 1.585286819646301473e-12 1.384672346331959197e-12 1.847125479080762205e-13 2.540408312638613930e-14 7.091418827895912742e-14 2.567468285634163428e-14 5.261170027444368593e-15 1.380549562309361901e-14 4.350484899938936722e-12 1.906582302949857589e-12 2.531242698486150296e-13 2.210919641172854108e-13 4.581942393184357764e-15 6.301685876516440141e-16 5.420388089003447536e-14 1.962466870466135196e-14 6.876908243977568255e-17 1.804524966260512979e-16 5.319995072617951593e+01 2.312001192864336085e-01 2.996165053005801937e+01 0.000000000000000000e+00
4.627437623384403337e-12 2.774088739914627879e-12 1.157272174898356162e-12 5.229744319800349295e-13 1.610777992565796271e-13 6.870292125740296372e-14 3.494403660969414083e-14 1.651724066601917598e-14 2.222521012056301129e-15 5.746617105453020744e-15 3.668297034661678298e-12 2.199096417225077943e-12 1.720741504067031244e-13 7.776077488020179763e-14 4.444825574746137555e-15 1.895807509626137113e-15 2.770109860080587730e-14 1.309367081465641979e-14 1.565477491381994359e-17 4.047745637218552769e-17 5.243567283530789780e+01 4.549372451334554035e-01 2.189537647162469725e+01 0.000000000000000000e+00
3.483688710960509177e-12 1.527002464672139195e-12 2.231111586823327767e-12 9.032558478091823176e-13 3.314632501903796178e-13 1.104787033078970054e-13 8.412772281329212653e-14 5.636666530011748483e-14 2.941276251166010004e-15 7.696019463154172044e-15 2.064167445153347065e-12 9.047848524261797870e-13 6.349946826946982833e-13 2.570748428089005050e-13 1.868688922264895584e-14 6.228453045671869590e-15 4.984765318431766289e-14 3.339857408565002961e-14 2.722134645576874600e-17 7.122622774851858779e-17 5.261199395040870286e+01 4.597713972895608459e-01 2.407077978617617475e+01 0.000000000000000000e+00
6.684103352392616770e-12 3.552874451300205674e-12 1.858094421322938569e-12 8.989207121618701114e-13 4.373854071182116699e-13 1.325886167120578520e-13 1.196767594896617260e-13 5.323491331599796631e-14 5.357923286708818956e-15 1.414532967283793963e-14 4.913426479129130099e-12 2.611687235475051130e-12 2.847704825565215614e-13 1.377680714417779122e-13 2.103907914325901124e-14 6.377767422282332339e-15 8.797334930531647060e-14 3.913252367759086261e-14 5.840672563648859490e-17 1.541982490284254892e-16 5.311626156057707959e+01 3.024010703321319826e-01 2.449597959449930329e+01 0.000000000000000000e+00
2.637276244742992661e-12 1.465834657227656688e-12 9.444452307378081423e-13 1.476861439273990102e-13 6.036549469695225362e-13 3.193043059632646483e-14 4.503882731020089179e-13 6.359794069093412969e-14 8.602977891735924319e-14 2.173903151868176061e-13 9.472727235742841578e-13 5.265072973790565213e-13 9.111263472649642252e-14 1.424759557026926173e-14 4.962966165101578939e-14 2.625169353489843865e-15 1.617731653927801362e-13 2.284349036704265029e-14 1.864803726644822920e-14 4.712208667725285371e-14 5.037599615404070619e+01 9.161438579831489293e-02 2.256601308579513088e+01 0.000000000000000000e+00
1.099354888406420466e-12 6.485710862396946676e-13 8.251950017237083836e-13 2.519506675397374592e-13 2.363701679675859620e-12 1.811760504213311732e-12 1.084496104698562982e-13 1.145421533258919145e-13 1.721377850303390748e-15 4.693701829458815576e-15 2.657626075285611281e-13 1.567882627024535788e-13 1.123032935990997381e-13 3.428873142723902576e-14 1.228579827065341249e-12 9.416976880328858601e-13 2.621705835656465312e-14 2.768989492005745736e-14 1.205430571589883166e-17 3.286862136723681009e-17 5.150593034577433826e+01 2.791712440556500807e-01 2.885658077933444687e+01 0.000000000000000000e+00
1.156279828367549710e-12 5.777262996681717189e-13 1.086594651590145045e-12 2.150282869376774442e-13 3.997455697610368667e-12 2.783699230760709444e-12 1.628267975339744070e-13 1.115839023382022592e-13 1.979165875825031879e-15 5.485588170711631813e-15 2.008506420700160329e-13 1.003534744637972156e-13 1.330282001591197176e-13 2.632520411614132666e-14 2.400571492363181209e-12 1.671680569386215514e-12 2.828369571842742555e-14 1.938259051093800371e-14 1.088637882671315936e-17 3.017341378160598395e-17 5.160151256158354016e+01 9.648820482536657472e-02 3.202090752074737878e+01 0.000000000000000000e+00
1.120796190187109196e-12 6.559783436831448344e-13 6.609242084833313907e-13 1.270150540645329543e-13 2.080674521126372206e-12 1.041149114920251262e-12 1.244834183200979639e-13 4.885747937115222028e-14 9.453875286040053704e-15 1.980235706224358976e-14 2.874566950768076271e-13 1.682423337695638537e-13 7.496934538023290580e-14 1.440745449240579958e-14 9.906664016696715389e-13 4.957197470372461330e-13 3.192693938064267057e-14 1.253074347751852594e-14 3.783646918398392785e-16 7.925334850378220797e-16 5.091189163651883831e+01 1.051709683755781416e-01 2.163739929944510010e+01 0.000000000000000000e+00
3.470009179983072933e-12 1.657455601152150888e-12 3.336286884119402032e-12 1.298217822578821801e-13 3.584701931756025687e-12 1.996823436131751918e-12 2.943217785833539531e-13 1.982269575819961716e-13 2.806713235507562587e-15 7.776785188491495189e-15 1.116336929264376076e-12 5.332201732651493392e-13 7.739663586554969589e-13 3.011662233441892372e-14 1.191352125766912530e-12 6.636311444314146919e-13 9.468628279564778366e-14 6.377161028881917111e-14 1.351144687453587210e-17 3.743724816617347369e-17 5.141931791063585422e+01 3.468545078671490811e-02 2.968308104093783939e+01 0.000000000000000000e+00
2.093764109110268484e-12 8.685107262069367038e-13 1.857392340509566767e-12 3.685466723253260082e-13 1.782993086060583782e-12 5.138906542057726787e-13 2.160507285025928434e-13 1.073459017189427537e-13 7.161116827536108603e-15 1.959554364616625496e-14 6.995705130545199004e-13 2.901876537486973189e-13 4.128996908561690727e-13 8.192819780200505758e-14 5.073122064146404938e-13 1.462164961149685951e-13 7.218708083050910223e-14 3.586651772903517588e-14 1.513942009131099627e-16 4.142722068660946693e-16 5.129558542970701751e+01 3.735354222121650691e-01 2.347529072650484494e+01 0.000000000000000000e+00
4.906480278605816068e-13 2.806535232073553567e-13 2.442525005456484728e-13 1.453152674769209934e-14 8.439742294748533474e-13 4.426875427288958196e-13 1.133696837767770464e-13 3.053586448155752218e-14 8.407004951704665538e-15 1.797468831119809800e-14 1.131903460717904027e-13 6.474553572879031267e-14 2.103819969251063998e-14 1.251643937613956325e-15 3.349096367325269203e-13 1.756692549885101581e-13 2.615388835189442400e-14 7.044489882777880033e-15 6.147854880512661581e-16 1.314448794719528897e-15 5.067869021885046976e+01 2.372469174492178035e-01 2.323216899252971501e+01 0.000000000000000000e+00
6.371452600106361537e-13 2.950298559700866284e-13 4.377692702410975560e-13 1.181852745667877801e-13 2.612130472657349350e-12 1.857498756453996553e-12 1.554148905642274555e-13 1.204188064314796079e-13 1.053656929026775603e-14 2.600798883903350992e-14 9.238430634799912299e-14 4.277851583686197201e-14 3.270943914537913229e-14 8.830619938656818288e-15 1.552783903608090749e-12 1.104192229364249982e-12 2.253473071538926254e-14 1.746039498628700093e-14 4.674029753005794922e-16 1.153716264759609649e-15 5.146365717898487446e+01 1.761731918719676437e-01 3.079924369558380448e+01 0.000000000000000000e+00
1.300422130085045803e-12 7.194501164986195490e-13 6.505803758771676408e-13 7.068054645134675216e-14 5.500774912540283256e-13 1.433448908826773319e-13 1.461692780151043901e-13 6.353750856327105312e-14 1.027616048626429557e-14 2.586193826635702717e-14 5.431987401284318539e-13 3.005211829498358540e-13 1.019654951279988319e-13 1.107776561060879882e-14 9.719362933436119081e-14 2.532772275350465577e-14 6.105630304683810231e-14 2.654022398112464788e-14 6.275141678441500892e-16 1.579260336751461608e-15 5.036068823906934711e+01 1.157969051370169311e-01 1.603949023669766660e+01 0.000000000000000000e+00
2.403088494739541617e-12 1.286804788498898407e-12 2.100241720136703601e-12 3.170019493460293892e-13 8.611615145302918951e-13 4.667135427527088296e-13 1.991636113721763396e-13 5.202715214935019019e-14 2.403945127328160806e-14 5.264557115589531437e-14 9.496808815911994336e-13 5.085347080028625080e-13 5.440489703114297245e-13 8.211654043192639922e-14 1.219571853010931755e-13 6.609569640030589720e-14 7.870782721604078577e-14 2.056070420545603559e-14 1.758162430661978656e-15 3.850315229529022319e-15 5.113133785619937299e+01 4.265043423075808304e-01 1.908919724733355849e+01 0.000000000000000000e+00
